12
0
10 1 4263.0 10 3234.0 9 2149.0 2 1347.0 11 1171.0 8 1123.0 7 482.0 3 450.0 4 268.0 6 164.0 
1
10 0 4263.0 9 4044.0 2 3657.0 10 3172.0 8 2884.0 7 1339.0 3 971.0 11 507.0 4 406.0 6 372.0 
2
10 1 3657.0 8 3421.0 7 3289.0 3 2847.0 9 1893.0 0 1347.0 6 1261.0 4 866.0 10 847.0 5 394.0 
3
10 2 2847.0 7 2478.0 6 2429.0 4 1825.0 8 1090.0 5 993.0 1 971.0 9 517.0 0 450.0 10 250.0 
4
10 5 2070.0 3 1825.0 6 1456.0 2 866.0 7 640.0 1 406.0 8 336.0 0 268.0 9 192.0 10 119.0 
5
10 4 2070.0 6 1346.0 3 993.0 7 427.0 2 394.0 1 170.0 8 168.0 9 112.0 0 86.0 10 58.0 
6
10 3 2429.0 7 1848.0 4 1456.0 5 1346.0 2 1261.0 8 553.0 1 372.0 9 195.0 0 164.0 10 101.0 
7
10 2 3289.0 8 2965.0 3 2478.0 6 1848.0 1 1339.0 9 1094.0 4 640.0 0 482.0 5 427.0 10 354.0 
8
10 9 4110.0 2 3421.0 7 2965.0 1 2884.0 10 1355.0 0 1123.0 3 1090.0 6 553.0 4 336.0 5 168.0 
9
10 10 4261.0 8 4110.0 1 4044.0 0 2149.0 2 1893.0 7 1094.0 11 565.0 3 517.0 6 195.0 4 192.0 
10
10 9 4261.0 0 3234.0 1 3172.0 11 2049.0 8 1355.0 2 847.0 7 354.0 3 250.0 4 119.0 6 101.0 
11
10 10 2049.0 0 1171.0 9 565.0 1 507.0 8 147.0 2 110.0 7 53.0 3 39.0 4 35.0 6 27.0 
